ElasticNet:
    alpha: 3.80258
    l1_ratio: 0.08974